Bodies at the beginning with 5 processors and 3 iterations:
Body[0][-0.999343, 0.049174, 0.470847, -0.473389, -0.247552, -0.607428]
Body[1][0.951748, 0.024636, 0.060898, -0.485797, -0.785825, 0.630975]
Body[2][0.801089, -0.095943, -0.509223, -0.505184, -0.623452, -0.353352]
Body[3][-0.793085, 0.614748, 0.068822, 0.688908, 0.474038, -0.843334]
Body[4][0.078019, -0.737983, 0.725051, -0.070807, -0.056054, -0.099990]
Body[5][-0.533050, -0.975365, -0.953949, 0.987019, 0.830878, 0.571675]
Body[6][0.141640, 0.538481, 0.247140, -0.311552, -0.248734, -0.465776]
Body[7][-0.296526, 0.281890, -0.272440, -0.894386, 0.057316, -0.684601]
Body[8][-0.092363, -0.341442, -0.614439, -0.870532, 0.973052, 0.092175]
Body[9][-0.821742, 0.986605, -0.132540, 0.403128, -0.626519, 0.087404]
Body[10][0.990860, -0.620077, 0.368525, -0.201233, -0.122063, 0.494042]
Body[11][-0.643861, 0.621563, 0.612197, -0.805078, -0.940604, -0.732060]

Bodies at the end with 5 processors and 3 iterations:
Body[0][-1.010883, 0.043939, 0.451165, -0.339763, -0.137812, -0.680041]
Body[1][0.934768, -0.000094, 0.078807, -0.605804, -0.843488, 0.580566]
Body[2][0.784334, -0.114408, -0.517158, -0.585571, -0.611483, -0.220738]
Body[3][-0.770253, 0.629754, 0.043603, 0.795809, 0.515991, -0.841131]
Body[4][0.076115, -0.738071, 0.720497, -0.059691, 0.023664, -0.177790]
Body[5][-0.502552, -0.948744, -0.935468, 1.031363, 0.916354, 0.638608]
Body[6][0.130283, 0.529323, 0.231870, -0.412438, -0.333478, -0.530709]
Body[7][-0.323403, 0.283629, -0.290870, -0.896912, 0.058419, -0.578736]
Body[8][-0.118496, -0.310920, -0.609899, -0.871616, 1.039604, 0.181208]
Body[9][-0.807922, 0.962507, -0.127302, 0.490559, -0.896716, 0.219994]
Body[10][0.983036, -0.621838, 0.382198, -0.290754, -0.026793, 0.436357]
Body[11][-0.667808, 0.591747, 0.586140, -0.794083, -1.019779, -0.937859]

Bodies at the beginning with 1 processors and 3 iterations:
Body[0][-0.999343, 0.049174, 0.470847, -0.473389, -0.247552, -0.607428]
Body[1][0.951748, 0.024636, 0.060898, -0.485797, -0.785825, 0.630975]
Body[2][0.801089, -0.095943, -0.509223, -0.505184, -0.623452, -0.353352]
Body[3][-0.793085, 0.614748, 0.068822, 0.688908, 0.474038, -0.843334]
Body[4][0.078019, -0.737983, 0.725051, -0.070807, -0.056054, -0.099990]
Body[5][-0.533050, -0.975365, -0.953949, 0.987019, 0.830878, 0.571675]
Body[6][0.141640, 0.538481, 0.247140, -0.311552, -0.248734, -0.465776]
Body[7][-0.296526, 0.281890, -0.272440, -0.894386, 0.057316, -0.684601]
Body[8][-0.092363, -0.341442, -0.614439, -0.870532, 0.973052, 0.092175]
Body[9][-0.821742, 0.986605, -0.132540, 0.403128, -0.626519, 0.087404]
Body[10][0.990860, -0.620077, 0.368525, -0.201233, -0.122063, 0.494042]
Body[11][-0.643861, 0.621563, 0.612197, -0.805078, -0.940604, -0.732060]

Bodies at the end with 1 processors and 3 iterations:
Body[0][-1.010883, 0.043939, 0.451165, -0.339763, -0.137812, -0.680041]
Body[1][0.934768, -0.000094, 0.078807, -0.605804, -0.843488, 0.580566]
Body[2][0.784334, -0.114408, -0.517158, -0.585571, -0.611483, -0.220738]
Body[3][-0.770253, 0.629754, 0.043603, 0.795809, 0.515991, -0.841131]
Body[4][0.076115, -0.738071, 0.720497, -0.059691, 0.023664, -0.177790]
Body[5][-0.502552, -0.948744, -0.935468, 1.031363, 0.916354, 0.638608]
Body[6][0.130283, 0.529323, 0.231870, -0.412438, -0.333478, -0.530709]
Body[7][-0.323403, 0.283629, -0.290870, -0.896912, 0.058419, -0.578736]
Body[8][-0.118496, -0.310920, -0.609899, -0.871616, 1.039604, 0.181208]
Body[9][-0.807922, 0.962507, -0.127302, 0.490559, -0.896716, 0.219994]
Body[10][0.983036, -0.621838, 0.382198, -0.290754, -0.026793, 0.436357]
Body[11][-0.667808, 0.591747, 0.586140, -0.794083, -1.019779, -0.937859]

